
 etall    1, NO =    4, NV =    5, INA =   27
 *********************************************

    I  COEFFICIENT          ORDER   EXPONENTS
     1   0.4614180974710E-01    1     1 0  0 0  0
  4.61418097471000266E-002
     2    21.31429477462        1     0 1  0 0  0
   21.314294774616354     
     3  -0.3566418738760E-01    1     0 0  0 0  1
 -3.56641873876017423E-002
     4   0.3598379163986        2     2 0  0 0  0
  0.35983791639863377     
     5   -16.35046526919        2     1 1  0 0  0
  -16.350465269189378     
     6   -730.3928300336        2     0 2  0 0  0
  -730.39283003358992     
     7    1.343938568940        2     0 0  2 0  0
   1.3439385689400765     
     8    95.79223468083        2     0 0  1 1  0
   95.792234680826652     
     9   0.2469021163834        2     1 0  0 0  1
  0.24690211638342552     
    10    116.3790793059        2     0 1  0 0  1
   116.37907930591915     
    11    1172.271594298        2     0 0  0 2  0
   1172.2715942983173     
    12   -5.479926620663        2     0 0  0 0  2
  -5.4799266206626456     
    13   -252.4819840277        3     3 0  0 0  0
  -252.48198402772422     
    14    10907.88889813        3     2 1  0 0  0
   10907.888898131170     
    15   -225525.1349383        3     1 2  0 0  0
  -225525.13493828828     
    16    1810742.884189        3     0 3  0 0  0
   1810742.8841891927     
    17    273.5683158807        3     1 0  2 0  0
   273.56831588066507     
    18   -2056.494122543        3     0 1  2 0  0
  -2056.4941225434632     
    19    11870.55660373        3     1 0  1 1  0
   11870.556603732266     
    20   -183484.6273457        3     0 1  1 1  0
  -183484.62734570532     
    21   -11.11146494395        3     2 0  0 0  1
  -11.111464943950239     
    22   -3574.069802849        3     1 1  0 0  1
  -3574.0698028486422     
    23   -19701.58987096        3     0 2  0 0  1
  -19701.589870956381     
    24    53.05328541849        3     0 0  2 0  1
   53.053285418492528     
    25    268344.7630122        3     1 0  0 2  0
   268344.76301218255     
    26   -6672234.396813        3     0 1  0 2  0
  -6672234.3968127444     
    27    4301.742702668        3     0 0  1 1  1
   4301.7427026675032     
    28   -1122.393990952        3     1 0  0 0  2
  -1122.3939909518360     
    29    11559.48721219        3     0 1  0 0  2
   11559.487212189997     
    30    117389.8870853        3     0 0  0 2  1
   117389.88708531763     
    31   -321.8779632583        3     0 0  0 0  3
  -321.87796325828572     
    32   -256.7151176755        4     4 0  0 0  0
  -256.71511767547082     
    33   -9959.589803893        4     3 1  0 0  0
  -9959.5898038934356     
    34    402408.9930232        4     2 2  0 0  0
   402408.99302320584     
    35    448299.2811394        4     1 3  0 0  0
   448299.28113939334     
    36   -96086863.60682        4     0 4  0 0  0
  -96086863.606824547     
    37    241.3585150675        4     2 0  2 0  0
   241.35851506746579     
    38    2979.202147501        4     1 1  2 0  0
   2979.2021475012643     
    39   -238399.5575318        4     0 2  2 0  0
  -238399.55753180673     
    40    43.28801516769        4     0 0  4 0  0
   43.288015167685622     
    41    8648.019865178        4     2 0  1 1  0
   8648.0198651780229     
    42    1068726.845443        4     1 1  1 1  0
   1068726.8454425158     
    43   -23995691.48229        4     0 2  1 1  0
  -23995691.482291974     
    44    15805.72826391        4     0 0  3 1  0
   15805.728263910369     
    45    4259.555930004        4     3 0  0 0  1
   4259.5559300038349     
    46   -112780.8277417        4     2 1  0 0  1
  -112780.82774174950     
    47    1265499.608981        4     1 2  0 0  1
   1265499.6089806911     
    48    235566.0747591        4     0 3  0 0  1
   235566.07475911733     
    49    1957.204929799        4     1 0  2 0  1
   1957.2049297990850     
    50   -32984.64744228        4     0 1  2 0  1
  -32984.647442284062     
    51    77389.22534663        4     2 0  0 2  0
   77389.225346634368     
    52    24004446.81165        4     1 1  0 2  0
   24004446.811649837     
    53   -297942530.9232        4     0 2  0 2  0
  -297942530.92318726     
    54    886366.4034383        4     0 0  2 2  0
   886366.40343831596     
    55   -41789.01610461        4     1 0  1 1  1
  -41789.016104607967     
    56    1010845.074469        4     0 1  1 1  1
   1010845.0744692786     
    57   -522.9954534235        4     2 0  0 0  2
  -522.99545342353281     
    58    114131.2258995        4     1 1  0 0  2
   114131.22589948689     
    59   -2505909.909663        4     0 2  0 0  2
  -2505909.9096627058     
    60    656.3311795086        4     0 0  2 0  2
   656.33117950863084     
    61    18927004.29812        4     0 0  1 3  0
   18927004.298116338     
    62   -214138.8258106        4     1 0  0 2  1
  -214138.82581063418     
    63    14315614.21346        4     0 1  0 2  1
   14315614.213460900     
    64    37863.41368828        4     0 0  1 1  2
   37863.413688275527     
    65    13042.98074353        4     1 0  0 0  3
   13042.980743528366     
    66   -102137.9047372        4     0 1  0 0  3
  -102137.90473720190     
    67    178970094.1173        4     0 0  0 4  0
   178970094.11733687     
    68    2172744.264240        4     0 0  0 2  2
   2172744.2642395124     
    69   -1564.023601346        4     0 0  0 0  4
  -1564.0236013463145     
                                      

 etall    1, NO =    4, NV =    5, INA =   30
 *********************************************

    I  COEFFICIENT          ORDER   EXPONENTS
     1  -0.4405290401986E-01    1     1 0  0 0  0
 -4.40529040198585214E-002
     2    1.322952402115        1     0 1  0 0  0
   1.3229524021148320     
     3  -0.1485907979054E-01    1     0 0  0 0  1
 -1.48590797905364357E-002
     4   0.1211654161476E-02    2     2 0  0 0  0
  1.21165416147595018E-003
     5   -3.904491124682        2     1 1  0 0  0
  -3.9044911246823517     
     6    29.92148572927        2     0 2  0 0  0
   29.921485729266706     
     7   0.1067683452110        2     0 0  2 0  0
  0.10676834521101994     
     8    6.310255358509        2     0 0  1 1  0
   6.3102553585089822     
     9   0.2538710855038        2     1 0  0 0  1
  0.25387108550380222     
    10  -0.9187547604317        2     0 1  0 0  1
 -0.91875476043167303     
    11    74.95012310681        2     0 0  0 2  0
   74.950123106813251     
    12  -0.1105860301377        2     0 0  0 0  2
 -0.11058603013774099     
    13   -8.051626252339        3     3 0  0 0  0
  -8.0516262523388971     
    14    205.1696445129        3     2 1  0 0  0
   205.16964451292557     
    15   -3160.650878555        3     1 2  0 0  0
  -3160.6508785553815     
    16   -11785.31924729        3     0 3  0 0  0
  -11785.319247287203     
    17    13.07827792526        3     1 0  2 0  0
   13.078277925258256     
    18    236.7682176689        3     0 1  2 0  0
   236.76821766890481     
    19    394.0796085025        3     1 0  1 1  0
   394.07960850245843     
    20    18987.35219978        3     0 1  1 1  0
   18987.352199778925     
    21   -4.618070171591        3     2 0  0 0  1
  -4.6180701715909755     
    22   -265.6471584998        3     1 1  0 0  1
  -265.64715849984236     
    23   -574.1307493821        3     0 2  0 0  1
  -574.13074938211548     
    24    14.39313977539        3     0 0  2 0  1
   14.393139775388857     
    25    3523.768223798        3     1 0  0 2  0
   3523.7682237975041     
    26    313511.1958700        3     0 1  0 2  0
   313511.19587002485     
    27    896.1723411988        3     0 0  1 1  1
   896.17234119882153     
    28   -47.81907347739        3     1 0  0 0  2
  -47.819073477385530     
    29   -299.3566260629        3     0 1  0 0  2
  -299.35662606292351     
    30    14201.30949718        3     0 0  0 2  1
   14201.309497182154     
    31   -29.68401872151        3     0 0  0 0  3
  -29.684018721512498     
    32    9.357804030313        4     4 0  0 0  0
   9.3578040303133552     
    33   -1921.545648283        4     3 1  0 0  0
  -1921.5456482825596     
    34    48857.60512292        4     2 2  0 0  0
   48857.605122915258     
    35   -568529.1886392        4     1 3  0 0  0
  -568529.18863918714     
    36    2956629.630094        4     0 4  0 0  0
   2956629.6300936835     
    37   -9.025521858519        4     2 0  2 0  0
  -9.0255218585190917     
    38    1146.784142019        4     1 1  2 0  0
   1146.7841420189911     
    39   -10513.02974789        4     0 2  2 0  0
  -10513.029747885286     
    40    1.965536998253        4     0 0  4 0  0
   1.9655369982533684     
    41   -609.5842851712        4     2 0  1 1  0
  -609.58428517120433     
    42    104393.2828650        4     1 1  1 1  0
   104393.28286497766     
    43   -1538118.197311        4     0 2  1 1  0
  -1538118.1973109976     
    44    1079.227350888        4     0 0  3 1  0
   1079.2273508880107     
    45    192.5082484525        4     3 0  0 0  1
   192.50824845249721     
    46   -3672.108448355        4     2 1  0 0  1
  -3672.1084483553882     
    47    8407.142469077        4     1 2  0 0  1
   8407.1424690769127     
    48    170886.5492730        4     0 3  0 0  1
   170886.54927295548     
    49   -39.61838214235        4     1 0  2 0  1
  -39.618382142350370     
    50   -4119.884404781        4     0 1  2 0  1
  -4119.8844047812354     
    51   -28231.05454200        4     2 0  0 2  0
  -28231.054541998914     
    52    3006926.460898        4     1 1  0 2  0
   3006926.4608979258     
    53   -40027299.63008        4     0 2  0 2  0
  -40027299.630083472     
    54    71330.64263432        4     0 0  2 2  0
   71330.642634319680     
    55   -2590.193581707        4     1 0  1 1  1
  -2590.1935817067897     
    56   -294267.1236759        4     0 1  1 1  1
  -294267.12367586739     
    57    204.0239235044        4     2 0  0 0  2
   204.02392350443347     
    58   -5220.863196581        4     1 1  0 0  2
  -5220.8631965812601     
    59    17218.75137824        4     0 2  0 0  2
   17218.751378239234     
    60   -172.4327412264        4     0 0  2 0  2
  -172.43274122643959     
    61    1703397.953892        4     0 0  1 3  0
   1703397.9538922119     
    62    46363.35430169        4     1 0  0 2  1
   46363.354301691274     
    63   -5564417.411385        4     0 1  0 2  1
  -5564417.4113847110     
    64   -14220.57146439        4     0 0  1 1  2
  -14220.571464392142     
    65    758.3084779241        4     1 0  0 0  3
   758.30847792414238     
    66   -3917.795585146        4     0 1  0 0  3
  -3917.7955851460324     
    67    13581493.54908        4     0 0  0 4  0
   13581493.549084224     
    68   -221958.7861392        4     0 0  0 2  2
  -221958.78613916109     
    69    211.5409689087        4     0 0  0 0  4
   211.54096890872546     
                                      

 etall    1, NO =    4, NV =    5, INA =   31
 *********************************************

    I  COEFFICIENT          ORDER   EXPONENTS
     1    2.143616192300        1     0 0  1 0  0
   2.1436161923001058     
     2    68.83305068306        1     0 0  0 1  0
   68.833050683060932     
     3  -0.8414029773373        2     1 0  1 0  0
 -0.84140297733726088     
     4    51.86383080330        2     0 1  1 0  0
   51.863830803298775     
     5    74.28447336530        2     1 0  0 1  0
   74.284473365303015     
     6    334.8407954421        2     0 1  0 1  0
   334.84079544208203     
     7   -30.30561379606        2     0 0  1 0  1
  -30.305613796058381     
     8   -1081.600503762        2     0 0  0 1  1
  -1081.6005037622510     
     9    298.2131493742        3     2 0  1 0  0
   298.21314937415144     
    10    4191.525259019        3     1 1  1 0  0
   4191.5252590188375     
    11   -159578.0111084        3     0 2  1 0  0
  -159578.01110842585     
    12   -61.58933505175        3     0 0  3 0  0
  -61.589335051753402     
    13   -6812.990255346        3     2 0  0 1  0
  -6812.9902553456068     
    14    702127.3115885        3     1 1  0 1  0
   702127.31158845266     
    15   -11093857.11776        3     0 2  0 1  0
  -11093857.117758630     
    16   -426.7542317417        3     0 0  2 1  0
  -426.75423174172738     
    17   -78.25786296377        3     1 0  1 0  1
  -78.257862963773249     
    18    3100.766734736        3     0 1  1 0  1
   3100.7667347355728     
    19    86318.91105219        3     0 0  1 2  0
   86318.911052185576     
    20   -10999.31919325        3     1 0  0 1  1
  -10999.319193250081     
    21    300194.4468772        3     0 1  0 1  1
   300194.44687722455     
    22    422.3849915088        3     0 0  1 0  2
   422.38499150875026     
    23    3122028.057626        3     0 0  0 3  0
   3122028.0576261515     
    24    19709.13294378        3     0 0  0 1  2
   19709.132943784909     
    25    20.22230983731        4     3 0  1 0  0
   20.222309837311343     
    26    4101.714777921        4     2 1  1 0  0
   4101.7147779207417     
    27    745599.7037486        4     1 2  1 0  0
   745599.70374859590     
    28   -3957924.799041        4     0 3  1 0  0
  -3957924.7990407543     
    29    318.7660855417        4     1 0  3 0  0
   318.76608554173964     
    30   -5485.978099998        4     0 1  3 0  0
  -5485.9780999983177     
    31   -8617.966158967        4     3 0  0 1  0
  -8617.9661589674506     
    32   -318778.1419303        4     2 1  0 1  0
  -318778.14193030266     
    33    22849506.82595        4     1 2  0 1  0
   22849506.825945199     
    34    71431224.77287        4     0 3  0 1  0
   71431224.772870541     
    35    49137.30929516        4     1 0  2 1  0
   49137.309295159830     
    36   -1305207.742425        4     0 1  2 1  0
  -1305207.7424251237     
    37    650.6000253625        4     2 0  1 0  1
   650.60002536251636     
    38   -370515.6963885        4     1 1  1 0  1
  -370515.69638850947     
    39    5963318.751098        4     0 2  1 0  1
   5963318.7510977294     
    40   -3606.387648054        4     0 0  3 0  1
  -3606.3876480538534     
    41    2748830.336944        4     1 0  1 2  0
   2748830.3369440893     
    42   -66519622.96292        4     0 1  1 2  0
  -66519622.962923773     
    43    60151.69798163        4     2 0  0 1  1
   60151.697981633661     
    44   -13073583.58583        4     1 1  0 1  1
  -13073583.585829377     
    45    160184515.7000        4     0 2  0 1  1
   160184515.69995120     
    46   -122955.3815271        4     0 0  2 1  1
  -122955.38152709053     
    47    48.40297625138        4     1 0  1 0  2
   48.402976251378647     
    48    50658.83500561        4     0 1  1 0  2
   50658.835005605062     
    49    47338150.12122        4     1 0  0 3  0
   47338150.121218897     
    50   -857515217.5520        4     0 1  0 3  0
  -857515217.55195177     
    51   -1230078.639965        4     0 0  1 2  1
  -1230078.6399647417     
    52   -142360.3637859        4     1 0  0 1  2
  -142360.36378589997     
    53    4220442.416406        4     0 1  0 1  2
   4220442.4164057737     
    54   -4075.639334856        4     0 0  1 0  3
  -4075.6393348560055     
    55    54922281.88957        4     0 0  0 3  1
   54922281.889569074     
    56   -523045.8073226        4     0 0  0 1  3
  -523045.80732256279     
                                      

 etall    1, NO =    4, NV =    5, INA =   32
 *********************************************

    I  COEFFICIENT          ORDER   EXPONENTS
     1  -0.5476548801775E-01    1     0 0  1 0  0
 -5.47654880177535358E-002
     2   -1.292057609173        1     0 0  0 1  0
  -1.2920576091733706     
     3   0.8133060769712E-01    2     1 0  1 0  0
  8.13306076971178071E-002
     4  -0.8606473315216        2     0 1  1 0  0
 -0.86064733152159301     
     5   0.2065982184909        2     1 0  0 1  0
  0.20659821849092008     
     6   -4.929820818289        2     0 1  0 1  0
  -4.9298208182887215     
     7   0.6717299151381        2     0 0  1 0  1
  0.67172991513809110     
     8    30.93604165482        2     0 0  0 1  1
   30.936041654823143     
     9   -1.680931818523        3     2 0  1 0  0
  -1.6809318185228079     
    10   -179.7806778480        3     1 1  1 0  0
  -179.78067784804256     
    11    7590.056556137        3     0 2  1 0  0
   7590.0565561367885     
    12   -4.478231350903        3     0 0  3 0  0
  -4.4782313509026634     
    13    302.7300670651        3     2 0  0 1  0
   302.73006706512103     
    14   -21208.58589686        3     1 1  0 1  0
  -21208.585896856450     
    15    430949.7036054        3     0 2  0 1  0
   430949.70360540540     
    16   -530.2332191286        3     0 0  2 1  0
  -530.23321912864367     
    17    5.391968265342        3     1 0  1 0  1
   5.3919682653415926     
    18    158.3525293235        3     0 1  1 0  1
   158.35252932352330     
    19   -19465.88771963        3     0 0  1 2  0
  -19465.887719625687     
    20    404.2877098397        3     1 0  0 1  1
   404.28770983970043     
    21   -994.6286886503        3     0 1  0 1  1
  -994.62868865028213     
    22   -3.148836403554        3     0 0  1 0  2
  -3.1488364035540108     
    23   -270706.1429337        3     0 0  0 3  0
  -270706.14293367451     
    24   -251.6244481290        3     0 0  0 1  2
  -251.62444812896933     
    25   -6.121984334404        4     3 0  1 0  0
  -6.1219843344040665     
    26    1211.737775538        4     2 1  1 0  0
   1211.7377755380348     
    27   -53163.82890797        4     1 2  1 0  0
  -53163.828907971496     
    28    215523.9266416        4     0 3  1 0  0
   215523.92664155256     
    29    18.72004839746        4     1 0  3 0  0
   18.720048397458267     
    30   -789.5019410513        4     0 1  3 0  0
  -789.50194105132471     
    31   -190.8753283171        4     3 0  0 1  0
  -190.87532831711081     
    32    57041.01004489        4     2 1  0 1  0
   57041.010044891344     
    33   -1602045.635548        4     1 2  0 1  0
  -1602045.6355478524     
    34   -2443859.961897        4     0 3  0 1  0
  -2443859.9618969010     
    35    698.8929706086        4     1 0  2 1  0
   698.89297060855756     
    36   -50969.54318127        4     0 1  2 1  0
  -50969.543181267501     
    37    70.99544782889        4     2 0  1 0  1
   70.995447828887635     
    38    6918.292987138        4     1 1  1 0  1
   6918.2929871378801     
    39   -116219.4520433        4     0 2  1 0  1
  -116219.45204334910     
    40   -74.32214135926        4     0 0  3 0  1
  -74.322141359260769     
    41   -23380.79668198        4     1 0  1 2  0
  -23380.796681980632     
    42   -1026414.824285        4     0 1  1 2  0
  -1026414.8242852017     
    43   -239.7829783305        4     2 0  0 1  1
  -239.78297833054648     
    44    294717.9004900        4     1 1  0 1  1
   294717.90048999904     
    45   -3205058.751619        4     0 2  0 1  1
  -3205058.7516194787     
    46   -8445.426243432        4     0 0  2 1  1
  -8445.4262434316515     
    47   -5.864888285032        4     1 0  1 0  2
  -5.8648882850315935     
    48    905.5572007143        4     0 1  1 0  2
   905.55720071432052     
    49   -834189.3183324        4     1 0  0 3  0
  -834189.31833240623     
    50   -9329299.648938        4     0 1  0 3  0
  -9329299.6489380524     
    51   -282408.6704493        4     0 0  1 2  1
  -282408.67044933647     
    52    4654.746049296        4     1 0  0 1  2
   4654.7460492958817     
    53   -94198.55091042        4     0 1  0 1  2
  -94198.550910417645     
    54    356.1899171199        4     0 0  1 0  3
   356.18991711987792     
    55   -4629433.689009        4     0 0  0 3  1
  -4629433.6890093107     
    56    20455.61190292        4     0 0  0 1  3
   20455.611902923683     
                                      

 etall    1, NO =    4, NV =    5, INA =   33
 *********************************************

    I  COEFFICIENT          ORDER   EXPONENTS
     1    1.000000000000        1     0 0  0 0  1
   1.0000000000000000     
                                      

 etall    1, NO =    4, NV =    5, INA =   43
 *********************************************

    I  COEFFICIENT          ORDER   EXPONENTS
     1   0.4360956040728E-12    0     0 0  0 0  0
  4.36095604072761489E-013
     2  -0.2256735856645E-02    1     1 0  0 0  0
 -2.25673585664450463E-003
     3  -0.2695287843611        1     0 1  0 0  0
 -0.26952878436112471     
     4    4.199573498321        1     0 0  0 0  1
   4.1995734983210218     
     5   0.5991765631108E-02    2     2 0  0 0  0
  5.99176563110829802E-003
     6    5.188145768147        2     1 1  0 0  0
   5.1881457681465122     
     7   -74.85320534268        2     0 2  0 0  0
  -74.853205342682628     
     8  -0.1260471872969        2     0 0  2 0  0
 -0.12604718729694789     
     9    5.882286059295        2     0 0  1 1  0
   5.8822860592950592     
    10  -0.4876332743205        2     1 0  0 0  1
 -0.48763327432053583     
    11    8.023185016521        2     0 1  0 0  1
   8.0231850165213014     
    12    351.2201391733        2     0 0  0 2  0
   351.22013917332634     
    13    21.03879588899        2     0 0  0 0  2
   21.038795888990077     
    14    3.291004622562        3     3 0  0 0  0
   3.2910046225615810     
    15   -241.6818357683        3     2 1  0 0  0
  -241.68183576831296     
    16    2813.393400238        3     1 2  0 0  0
   2813.3934002381357     
    17   -24591.38433982        3     0 3  0 0  0
  -24591.384339823886     
    18    1.302307964563        3     1 0  2 0  0
   1.3023079645625499     
    19    284.3504498790        3     0 1  2 0  0
   284.35044987896492     
    20    186.6219908487        3     1 0  1 1  0
   186.62199084866350     
    21    17562.96818839        3     0 1  1 1  0
   17562.968188388277     
    22   -51.71707346387        3     2 0  0 0  1
  -51.717073463866100     
    23    965.5170374132        3     1 1  0 0  1
   965.51703741323104     
    24   -20911.47757658        3     0 2  0 0  1
  -20911.477576576148     
    25    16.98014385481        3     0 0  2 0  1
   16.980143854807096     
    26    4486.479934456        3     1 0  0 2  0
   4486.4799344555877     
    27    262740.6011410        3     0 1  0 2  0
   262740.60114102549     
    28    885.0099961990        3     0 0  1 1  1
   885.00999619895515     
    29   -28.94790463736        3     1 0  0 0  2
  -28.947904637363767     
    30   -838.8429730489        3     0 1  0 0  2
  -838.84297304889913     
    31    7469.597889279        3     0 0  0 2  1
   7469.5978892790845     
    32   -139.9480155582        3     0 0  0 0  3
  -139.94801555817000     
    33    5.873830182355        4     4 0  0 0  0
   5.8738301823550376     
    34    1298.111535394        4     3 1  0 0  0
   1298.1115353944044     
    35   -43293.08974670        4     2 2  0 0  0
  -43293.089746695376     
    36    498823.4906789        4     1 3  0 0  0
   498823.49067888793     
    37    2651251.941688        4     0 4  0 0  0
   2651251.9416882982     
    38    226.8049195102        4     2 0  2 0  0
   226.80491951019192     
    39   -6466.322511326        4     1 1  2 0  0
  -6466.3225113257331     
    40    84415.71394582        4     0 2  2 0  0
   84415.713945820302     
    41   -215.7547214624        4     0 0  4 0  0
  -215.75472146238840     
    42    13135.87553624        4     2 0  1 1  0
   13135.875536238695     
    43   -284166.5809222        4     1 1  1 1  0
  -284166.58092217124     
    44    3711510.391126        4     0 2  1 1  0
   3711510.3911260124     
    45   -25283.58463636        4     0 0  3 1  0
  -25283.584636364347     
    46   -119.6035089880        4     3 0  0 0  1
  -119.60350898799962     
    47    2871.567610261        4     2 1  0 0  1
   2871.5676102605048     
    48   -83344.49959501        4     1 2  0 0  1
  -83344.499595009998     
    49    1786413.630491        4     0 3  0 0  1
   1786413.6304906749     
    50    131.7659747530        4     1 0  2 0  1
   131.76597475303890     
    51    3311.898048572        4     0 1  2 0  1
   3311.8980485721122     
    52    165609.9769588        4     2 0  0 2  0
   165609.97695883349     
    53   -1660121.025936        4     1 1  0 2  0
  -1660121.0259360268     
    54    28655164.96505        4     0 2  0 2  0
   28655164.965053599     
    55   -1163768.619838        4     0 0  2 2  0
  -1163768.6198380918     
    56    8224.786851116        4     1 0  1 1  1
   8224.7868511160978     
    57    73614.34580432        4     0 1  1 1  1
   73614.345804318305     
    58    986.9421925659        4     2 0  0 0  2
   986.94219256589508     
    59   -19778.77333889        4     1 1  0 0  2
  -19778.773338886596     
    60    195169.3918795        4     0 2  0 0  2
   195169.39187948668     
    61    829.8738215849        4     0 0  2 0  2
   829.87382158489822     
    62   -24900704.53715        4     0 0  1 3  0
  -24900704.537150327     
    63    180232.7711061        4     1 0  0 2  1
   180232.77110606528     
    64   -712641.6416533        4     0 1  0 2  1
  -712641.64165332913     
    65    49409.95335557        4     0 0  1 1  2
   49409.953355572638     
    66   -456.0062831030        4     1 0  0 0  3
  -456.00628310299692     
    67    10601.33434390        4     0 1  0 0  3
   10601.334343900080     
    68   -207333611.1372        4     0 0  0 4  0
  -207333611.13722628     
    69    987003.6970902        4     0 0  0 2  2
   987003.69709017116     
    70    233.3914401253        4     0 0  0 0  4
   233.39144012534840     
                                      
