
 etall    1, NO =    4, NV =    5, INA =   27
 *********************************************

    I  COEFFICIENT          ORDER   EXPONENTS
     1  -0.4046631585929E-02    0     0 0  0 0  0
 -4.04663158592949088E-003
     2  -0.5345724220171        1     1 0  0 0  0
 -0.53457242201710820     
     3    28.62748029999        1     0 1  0 0  0
   28.627480299987237     
     4  -0.3332677560946        1     0 0  0 0  1
 -0.33326775609461562     
     5   -2.381188239588        2     2 0  0 0  0
  -2.3811882395883117     
     6    431.9688185726        2     1 1  0 0  0
   431.96881857262008     
     7   -6010.430885054        2     0 2  0 0  0
  -6010.4308850541483     
     8   0.9927943185667        2     0 0  2 0  0
  0.99279431856674338     
     9    237.7988937180        2     0 0  1 1  0
   237.79889371802921     
    10   -216.4953609984        2     1 0  0 0  1
  -216.49536099843854     
    11    1344.327297006        2     0 1  0 0  1
   1344.3272970061280     
    12    6027.692351984        2     0 0  0 2  0
   6027.6923519840120     
    13   -82.67474719726        2     0 0  0 0  2
  -82.674747197263812     
    14   -3713.427134652        3     3 0  0 0  0
  -3713.4271346516161     
    15    135053.0436608        3     2 1  0 0  0
   135053.04366082602     
    16   -2835263.530145        3     1 2  0 0  0
  -2835263.5301454184     
    17    14269615.43844        3     0 3  0 0  0
   14269615.438439252     
    18    1933.021200837        3     1 0  2 0  0
   1933.0212008374594     
    19    6233.993950809        3     0 1  2 0  0
   6233.9939508090247     
    20    105864.5616572        3     1 0  1 1  0
   105864.56165715749     
    21   -524024.3250427        3     0 1  1 1  0
  -524024.32504269178     
    22   -5486.249648882        3     2 0  0 0  1
  -5486.2496488816496     
    23    178141.9368942        3     1 1  0 0  1
   178141.93689421075     
    24   -770852.6951433        3     0 2  0 0  1
  -770852.69514334120     
    25    1215.715293047        3     0 0  2 0  1
   1215.7152930474488     
    26    2902102.932693        3     1 0  0 2  0
   2902102.9326928584     
    27   -35855754.98392        3     0 1  0 2  0
  -35855754.983919047     
    28    94304.62069276        3     0 0  1 1  1
   94304.620692759170     
    29   -27255.02203977        3     1 0  0 0  2
  -27255.022039770902     
    30   -383525.3163709        3     0 1  0 0  2
  -383525.31637085398     
    31    1950601.016739        3     0 0  0 2  1
   1950601.0167389256     
    32   -11237.78007467        3     0 0  0 0  3
  -11237.780074674467     
    33    3628.818346161        4     4 0  0 0  0
   3628.8183461610934     
    34   -798010.1110216        4     3 1  0 0  0
  -798010.11102158995     
    35    5419210.950604        4     2 2  0 0  0
   5419210.9506035279     
    36   -99414159.73862        4     1 3  0 0  0
  -99414159.738615707     
    37    7358782504.720        4     0 4  0 0  0
   7358782504.7202816     
    38    22406.03654223        4     2 0  2 0  0
   22406.036542227161     
    39   -947551.0882852        4     1 1  2 0  0
  -947551.08828523871     
    40   -10258177.49549        4     0 2  2 0  0
  -10258177.495486198     
    41   -3897.500003098        4     0 0  4 0  0
  -3897.5000030976685     
    42    1906080.588885        4     2 0  1 1  0
   1906080.5888847972     
    43   -76303826.52579        4     1 1  1 1  0
  -76303826.525786176     
    44   -366246834.9061        4     0 2  1 1  0
  -366246834.90606928     
    45   -363169.8322865        4     0 0  3 1  0
  -363169.83228653239     
    46   -479538.1423489        4     3 0  0 0  1
  -479538.14234889066     
    47   -3032184.013091        4     2 1  0 0  1
  -3032184.0130905304     
    48    236916955.9687        4     1 2  0 0  1
   236916955.96867368     
    49   -8581665275.851        4     0 3  0 0  1
  -8581665275.8508873     
    50    201112.8943329        4     1 0  2 0  1
   201112.89433291601     
    51    16101927.04509        4     0 1  2 0  1
   16101927.045093531     
    52    50579243.45619        4     2 0  0 2  0
   50579243.456192940     
    53   -1815876849.803        4     1 1  0 2  0
  -1815876849.8034866     
    54   -4282195312.947        4     0 2  0 2  0
  -4282195312.9465089     
    55   -21916662.74839        4     0 0  2 2  0
  -21916662.748389013     
    56    14223363.09623        4     1 0  1 1  1
   14223363.096230268     
    57    690035038.5449        4     0 1  1 1  1
   690035038.54486942     
    58   -837634.3663099        4     2 0  0 0  2
  -837634.36630990996     
    59   -25235676.09347        4     1 1  0 0  2
  -25235676.093474425     
    60    798483408.5426        4     0 2  0 0  2
   798483408.54256773     
    61    344666.2715212        4     0 0  2 0  2
   344666.27152118139     
    62   -685985002.7929        4     0 0  1 3  0
  -685985002.79285586     
    63    559933365.6839        4     1 0  0 2  1
   559933365.68391216     
    64    8626844797.447        4     0 1  0 2  1
   8626844797.4465942     
    65    17167578.87922        4     0 0  1 1  2
   17167578.879219018     
    66    1418705.551582        4     1 0  0 0  3
   1418705.5515822826     
    67   -212180261.9643        4     0 1  0 0  3
  -212180261.96427894     
    68   -5564045221.403        4     0 0  0 4  0
  -5564045221.4027300     
    69    195475892.0677        4     0 0  0 2  2
   195475892.06770724     
    70    281404.5517635        4     0 0  0 0  4
   281404.55176352360     
                                      

 etall    1, NO =    4, NV =    5, INA =   30
 *********************************************

    I  COEFFICIENT          ORDER   EXPONENTS
     1  -0.1431917623212E-03    0     0 0  0 0  0
 -1.43191762321238990E-004
     2  -0.5452338189954E-01    1     1 0  0 0  0
 -5.45233818995400077E-002
     3    1.049188132641        1     0 1  0 0  0
   1.0491881326414851     
     4  -0.2357597268220E-01    1     0 0  0 0  1
 -2.35759726821985101E-002
     5   0.3826985201126        2     2 0  0 0  0
  0.38269852011255867     
     6   -6.277197576797        2     1 1  0 0  0
  -6.2771975767970822     
     7   -21.04591262101        2     0 2  0 0  0
  -21.045912621010928     
     8   0.1294149698526        2     0 0  2 0  0
  0.12941496985264922     
     9    10.58817228097        2     0 0  1 1  0
   10.588172280965766     
    10   -1.961726020895        2     1 0  0 0  1
  -1.9617260208950054     
    11   -182.7401038256        2     0 1  0 0  1
  -182.74010382560459     
    12    139.1835820353        2     0 0  0 2  0
   139.18358203529769     
    13   -1.541558221386        2     0 0  0 0  2
  -1.5415582213864871     
    14   -46.39844604773        3     3 0  0 0  0
  -46.398446047729522     
    15   -1198.385508273        3     2 1  0 0  0
  -1198.3855082727432     
    16    48852.58847916        3     1 2  0 0  0
   48852.588479161757     
    17   -1329915.199048        3     0 3  0 0  0
  -1329915.1990479613     
    18    8.840093974397        3     1 0  2 0  0
   8.8400939743965523     
    19    3880.495732120        3     0 1  2 0  0
   3880.4957321200295     
    20   -1798.801913458        3     1 0  1 1  0
  -1798.8019134584520     
    21    245856.0383383        3     0 1  1 1  0
   245856.03833827440     
    22    7.829440707050        3     2 0  0 0  1
   7.8294407070497698     
    23   -373.8835691821        3     1 1  0 0  1
  -373.88356918211412     
    24    26732.00725176        3     0 2  0 0  1
   26732.007251755407     
    25    33.02147880931        3     0 0  2 0  1
   33.021478809309265     
    26   -41185.35445541        3     1 0  0 2  0
  -41185.354455412889     
    27    4129391.416969        3     0 1  0 2  0
   4129391.4169688728     
    28    776.5989938128        3     0 0  1 1  1
   776.59899381282321     
    29    780.9779207277        3     1 0  0 0  2
   780.97792072768721     
    30   -55492.17506266        3     0 1  0 0  2
  -55492.175062661277     
    31   -21035.88463653        3     0 0  0 2  1
  -21035.884636532792     
    32    248.8372193465        3     0 0  0 0  3
   248.83721934649679     
    33    6.396241953278        4     4 0  0 0  0
   6.3962419532778370     
    34    6327.235565109        4     3 1  0 0  0
   6327.2355651089601     
    35   -115761.7216600        4     2 2  0 0  0
  -115761.72166001116     
    36   -30492925.77686        4     1 3  0 0  0
  -30492925.776858509     
    37    760140145.7912        4     0 4  0 0  0
   760140145.79120719     
    38   -366.4133868380        4     2 0  2 0  0
  -366.41338683799927     
    39   -32017.13707042        4     1 1  2 0  0
  -32017.137070421628     
    40   -510374.2226631        4     0 2  2 0  0
  -510374.22266310418     
    41    384.6394935015        4     0 0  4 0  0
   384.63949350153007     
    42   -10143.87508411        4     2 0  1 1  0
  -10143.875084109299     
    43   -1945440.468921        4     1 1  1 1  0
  -1945440.4689205680     
    44   -39844848.60732        4     0 2  1 1  0
  -39844848.607323185     
    45    79543.35037306        4     0 0  3 1  0
   79543.350373063207     
    46    23668.77579606        4     3 0  0 0  1
   23668.775796059992     
    47   -1931653.037732        4     2 1  0 0  1
  -1931653.0377319837     
    48    49788073.34175        4     1 2  0 0  1
   49788073.341752350     
    49   -735063027.6328        4     0 3  0 0  1
  -735063027.63277733     
    50   -35594.72506885        4     1 0  2 0  1
  -35594.725068847838     
    51    1687502.446646        4     0 1  2 0  1
   1687502.4466464722     
    52   -42919.00091518        4     2 0  0 2  0
  -42919.000915179960     
    53   -24231287.25223        4     1 1  0 2  0
  -24231287.252226025     
    54   -1050892144.704        4     0 2  0 2  0
  -1050892144.7039527     
    55    4853430.172717        4     0 0  2 2  0
   4853430.1727171727     
    56   -2563341.066127        4     1 0  1 1  1
  -2563341.0661270460     
    57    100142070.6059        4     0 1  1 1  1
   100142070.60595000     
    58    11012.54946612        4     2 0  0 0  2
   11012.549466116317     
    59   -1792281.035061        4     1 1  0 0  2
  -1792281.0350610344     
    60    46214756.57048        4     0 2  0 0  2
   46214756.570475593     
    61   -6267.557314322        4     0 0  2 0  2
  -6267.5573143223664     
    62    120300088.8027        4     0 0  1 3  0
   120300088.80266096     
    63   -47879834.73996        4     1 0  0 2  1
  -47879834.739960313     
    64    1786100114.743        4     0 1  0 2  1
   1786100114.7434025     
    65   -1017089.175433        4     0 0  1 1  2
  -1017089.1754334702     
    66    365442.3462741        4     1 0  0 0  3
   365442.34627411218     
    67   -10007750.63300        4     0 1  0 0  3
  -10007750.633002080     
    68    1130202049.759        4     0 0  0 4  0
   1130202049.7590036     
    69   -31553873.84530        4     0 0  0 2  2
  -31553873.845298398     
    70    157550.9927562        4     0 0  0 0  4
   157550.99275622200     
                                      

 etall    1, NO =    4, NV =    5, INA =   31
 *********************************************

    I  COEFFICIENT          ORDER   EXPONENTS
     1    1.951205005283        1     0 0  1 0  0
   1.9512050052827161     
     2    58.71188613860        1     0 0  0 1  0
   58.711886138604733     
     3   -16.02180552544        2     1 0  1 0  0
  -16.021805525435912     
     4    208.1049821801        2     0 1  1 0  0
   208.10498218006572     
     5   -563.2569180809        2     1 0  0 1  0
  -563.25691808088982     
     6    12278.45031417        2     0 1  0 1  0
   12278.450314165755     
     7   -26.88755548430        2     0 0  1 0  1
  -26.887555484295131     
     8   -2917.419382414        2     0 0  0 1  1
  -2917.4193824139288     
     9   -445.9552102226        3     2 0  1 0  0
  -445.95521022259345     
    10    102088.5883268        3     1 1  1 0  0
   102088.58832681375     
    11   -1212042.798309        3     0 2  1 0  0
  -1212042.7983087364     
    12   -20.43943640095        3     0 0  3 0  0
  -20.439436400952019     
    13   -148541.0693582        3     2 0  0 1  0
  -148541.06935819113     
    14    6807436.106577        3     1 1  0 1  0
   6807436.1065773768     
    15   -81166038.85220        3     0 2  0 1  0
  -81166038.852200881     
    16    24935.34000387        3     0 0  2 1  0
   24935.340003873673     
    17   -2726.573826655        3     1 0  1 0  1
  -2726.5738266548592     
    18    25977.75192058        3     0 1  1 0  1
   25977.751920579485     
    19    1468012.119707        3     0 0  1 2  0
   1468012.1197074004     
    20   -224798.5382192        3     1 0  0 1  1
  -224798.53821920342     
    21    3908783.350567        3     0 1  0 1  1
   3908783.3505666959     
    22   -4251.672443770        3     0 0  1 0  2
  -4251.6724437702587     
    23    29634589.48752        3     0 0  0 3  0
   29634589.487524431     
    24   -620070.7175934        3     0 0  0 1  2
  -620070.71759336907     
    25   -23885.82491052        4     3 0  1 0  0
  -23885.824910518972     
    26    70021.41401940        4     2 1  1 0  0
   70021.414019400705     
    27   -887331.8237436        4     1 2  1 0  0
  -887331.82374359109     
    28    125069745.1411        4     0 3  1 0  0
   125069745.14112979     
    29    16266.91900767        4     1 0  3 0  0
   16266.919007674549     
    30   -198544.6218643        4     0 1  3 0  0
  -198544.62186426160     
    31   -633910.1052215        4     3 0  0 1  0
  -633910.10522148502     
    32    14185869.31485        4     2 1  0 1  0
   14185869.314850640     
    33   -1173993048.247        4     1 2  0 1  0
  -1173993048.2468767     
    34    20966697729.82        4     0 3  0 1  0
   20966697729.823231     
    35    2668372.691735        4     1 0  2 1  0
   2668372.6917350069     
    36   -24894311.31787        4     0 1  2 1  0
  -24894311.317868583     
    37   -940297.8700672        4     2 0  1 0  1
  -940297.87006724731     
    38    41776514.74972        4     1 1  1 0  1
   41776514.749720708     
    39   -291708469.4232        4     0 2  1 0  1
  -291708469.42315805     
    40    115448.2186610        4     0 0  3 0  1
   115448.21866103077     
    41    96472678.18873        4     1 0  1 2  0
   96472678.188734517     
    42   -675767145.4228        4     0 1  1 2  0
  -675767145.42283452     
    43   -61495015.50072        4     2 0  0 1  1
  -61495015.500724070     
    44    1826875651.984        4     1 1  0 1  1
   1826875651.9840841     
    45   -17387900218.73        4     0 2  0 1  1
  -17387900218.728325     
    46    20332187.42128        4     0 0  2 1  1
   20332187.421278398     
    47   -463217.5543624        4     1 0  1 0  2
  -463217.55436235119     
    48    3146301.328741        4     0 1  1 0  2
   3146301.3287408138     
    49    883231014.6064        4     1 0  0 3  0
   883231014.60642898     
    50   -6084654985.443        4     0 1  0 3  0
  -6084654985.4434414     
    51    929075683.0525        4     0 0  1 2  1
   929075683.05252719     
    52   -52417473.03475        4     1 0  0 1  2
  -52417473.034748241     
    53    719381921.8200        4     0 1  0 1  2
   719381921.82000780     
    54   -1704246.728953        4     0 0  1 0  3
  -1704246.7289525555     
    55    16288590408.89        4     0 0  0 3  1
   16288590408.891006     
    56   -112259676.5715        4     0 0  0 1  3
  -112259676.57150914     
                                      

 etall    1, NO =    4, NV =    5, INA =   32
 *********************************************

    I  COEFFICIENT          ORDER   EXPONENTS
     1  -0.4724092218502E-01    1     0 0  1 0  0
 -4.72409221850197403E-002
     2  -0.9089786258275        1     0 0  0 1  0
 -0.90897862582746813     
     3   0.3724788148462        2     1 0  1 0  0
  0.37247881484618495     
     4   -2.308664795198        2     0 1  1 0  0
  -2.3086647951984647     
     5    17.38117273271        2     1 0  0 1  0
   17.381172732705934     
     6   -269.7965607288        2     0 1  0 1  0
  -269.79656072882398     
     7    2.684277112139        2     0 0  1 0  1
   2.6842771121389655     
     8    138.8784572756        2     0 0  0 1  1
   138.87845727559150     
     9    61.68511925872        3     2 0  1 0  0
   61.685119258723603     
    10   -4206.646403952        3     1 1  1 0  0
  -4206.6464039523225     
    11    82150.42027902        3     0 2  1 0  0
   82150.420279017038     
    12   -24.98684171716        3     0 0  3 0  0
  -24.986841717157908     
    13    5279.906270822        3     2 0  0 1  0
   5279.9062708224601     
    14   -244894.4425068        3     1 1  0 1  0
  -244894.44250680952     
    15    3886645.847998        3     0 2  0 1  0
   3886645.8479981832     
    16   -2867.076279991        3     0 0  2 1  0
  -2867.0762799914701     
    17    72.23162855161        3     1 0  1 0  1
   72.231628551607429     
    18   -348.6367083556        3     0 1  1 0  1
  -348.63670835560265     
    19   -109538.5799218        3     0 0  1 2  0
  -109538.57992180817     
    20    6393.974160299        3     1 0  0 1  1
   6393.9741602987278     
    21   -91211.22045248        3     0 1  0 1  1
  -91211.220452477806     
    22    557.4557363889        3     0 0  1 0  2
   557.45573638893438     
    23   -1577704.015259        3     0 0  0 3  0
  -1577704.0152589772     
    24    27706.08463503        3     0 0  0 1  2
   27706.084635029758     
    25    237.8200911789        4     3 0  1 0  0
   237.82009117894836     
    26   -10059.16671546        4     2 1  1 0  0
  -10059.166715461157     
    27    944994.1629032        4     1 2  1 0  0
   944994.16290317103     
    28   -19387281.46856        4     0 3  1 0  0
  -19387281.468561161     
    29   -376.3524294957        4     1 0  3 0  0
  -376.35242949573558     
    30    24573.82277501        4     0 1  3 0  0
   24573.822775009397     
    31    12540.73460533        4     3 0  0 1  0
   12540.734605333433     
    32   -1080810.625028        4     2 1  0 1  0
  -1080810.6250281264     
    33    65656576.96107        4     1 2  0 1  0
   65656576.961072430     
    34   -1001860174.055        4     0 3  0 1  0
  -1001860174.0551780     
    35   -75391.38814366        4     1 0  2 1  0
  -75391.388143660821     
    36    2898117.324443        4     0 1  2 1  0
   2898117.3244434125     
    37    38043.28498703        4     2 0  1 0  1
   38043.284987033112     
    38   -1762449.513624        4     1 1  1 0  1
  -1762449.5136236297     
    39    25578254.48740        4     0 2  1 0  1
   25578254.487399109     
    40   -11327.55097537        4     0 0  3 0  1
  -11327.550975367814     
    41   -3169135.498636        4     1 0  1 2  0
  -3169135.4986364022     
    42    101447928.7507        4     0 1  1 2  0
   101447928.75065291     
    43    2016492.667287        4     2 0  0 1  1
   2016492.6672870470     
    44   -73259309.29523        4     1 1  0 1  1
  -73259309.295230195     
    45    966575186.6723        4     0 2  0 1  1
   966575186.67232084     
    46   -1235645.601855        4     0 0  2 1  1
  -1235645.6018546429     
    47    18096.84028681        4     1 0  1 0  2
   18096.840286813222     
    48   -266579.5206928        4     0 1  1 0  2
  -266579.52069282718     
    49   -34200194.91022        4     1 0  0 3  0
  -34200194.910215713     
    50    1097039748.009        4     0 1  0 3  0
   1097039748.0086529     
    51   -46869923.39869        4     0 0  1 2  1
  -46869923.398689143     
    52    1448833.029855        4     1 0  0 1  2
   1448833.0298546462     
    53   -20481283.93981        4     0 1  0 1  2
  -20481283.939808257     
    54    87020.55624949        4     0 0  1 0  3
   87020.556249491376     
    55   -675527582.2662        4     0 0  0 3  1
  -675527582.26621902     
    56    3540329.467994        4     0 0  0 1  3
   3540329.4679944329     
                                      

 etall    1, NO =    4, NV =    5, INA =   33
 *********************************************

    I  COEFFICIENT          ORDER   EXPONENTS
     1   0.7999952079028E-02    0     0 0  0 0  0
  7.99995207902837180E-003
     2    1.000000000000        1     0 0  0 0  1
   1.0000000000000000     
                                      

 etall    1, NO =    4, NV =    5, INA =   43
 *********************************************

    I  COEFFICIENT          ORDER   EXPONENTS
     1   0.1050163037480        0     0 0  0 0  0
  0.10501630374799564     
     2  -0.5567820322218E-02    1     1 0  0 0  0
 -5.56782032221841885E-003
     3  -0.3252601188262        1     0 1  0 0  0
 -0.32526011882615558     
     4    13.05372086228        1     0 0  0 0  1
   13.053720862280839     
     5   -5.194007402490        2     2 0  0 0  0
  -5.1940074024900200     
     6    158.7090178971        2     1 1  0 0  0
   158.70901789713943     
     7   -3186.232654065        2     0 2  0 0  0
  -3186.2326540648610     
     8    2.003414755070        2     0 0  2 0  0
   2.0034147550704717     
     9    131.0811151315        2     0 0  1 1  0
   131.08111513145892     
    10   -2.916955917929        2     1 0  0 0  1
  -2.9169559179289251     
    11   -7.374335951650        2     0 1  0 0  1
  -7.3743359516503126     
    12    2655.248844583        2     0 0  0 2  0
   2655.2488445833383     
    13   -29.22974445228        2     0 0  0 0  2
  -29.229744452284677     
    14    29.32891685234        3     3 0  0 0  0
   29.328916852335972     
    15    190.4664395860        3     2 1  0 0  0
   190.46643958595163     
    16   -43694.02037633        3     1 2  0 0  0
  -43694.020376326866     
    17    496134.8248331        3     0 3  0 0  0
   496134.82483313134     
    18   -26.98612051045        3     1 0  2 0  0
  -26.986120510451840     
    19    1312.616397859        3     0 1  2 0  0
   1312.6163978594634     
    20   -551.6913745321        3     1 0  1 1  0
  -551.69137453209191     
    21    65449.60551390        3     0 1  1 1  0
   65449.605513895309     
    22   -1700.951774573        3     2 0  0 0  1
  -1700.9517745734531     
    23    53012.35046422        3     1 1  0 0  1
   53012.350464222523     
    24   -1144077.492472        3     0 2  0 0  1
  -1144077.4924716058     
    25    887.5386189451        3     0 0  2 0  1
   887.53861894514296     
    26    7936.836229901        3     1 0  0 2  0
   7936.8362299007449     
    27    490878.0220515        3     0 1  0 2  0
   490878.02205146506     
    28    52685.21634111        3     0 0  1 1  1
   52685.216341111489     
    29   -991.2814534002        3     1 0  0 0  2
  -991.28145340023593     
    30    12929.91260970        3     0 1  0 0  2
   12929.912609699029     
    31    1014477.416805        3     0 0  0 2  1
   1014477.4168049268     
    32   -4322.395292386        3     0 0  0 0  3
  -4322.3952923863990     
    33   -10812.87342240        4     4 0  0 0  0
  -10812.873422399842     
    34    646187.4971759        4     3 1  0 0  0
   646187.49717588385     
    35   -21304938.52986        4     2 2  0 0  0
  -21304938.529862132     
    36    376375568.9818        4     1 3  0 0  0
   376375568.98182315     
    37   -3633254865.598        4     0 4  0 0  0
  -3633254865.5975733     
    38    13253.95641132        4     2 0  2 0  0
   13253.956411316531     
    39   -198883.2838570        4     1 1  2 0  0
  -198883.28385699561     
    40    11377511.06510        4     0 2  2 0  0
   11377511.065096002     
    41   -4549.347431131        4     0 0  4 0  0
  -4549.3474311313366     
    42    543350.1404803        4     2 0  1 1  0
   543350.14048031147     
    43   -17415584.52570        4     1 1  1 1  0
  -17415584.525702912     
    44    901072717.6159        4     0 2  1 1  0
   901072717.61590803     
    45   -540225.6459440        4     0 0  3 1  0
  -540225.64594401815     
    46    4179.064456826        4     3 0  0 0  1
   4179.0644568257021     
    47    111491.1476221        4     2 1  0 0  1
   111491.14762207074     
    48   -26619145.32462        4     1 2  0 0  1
  -26619145.324624691     
    49    485877788.1238        4     0 3  0 0  1
   485877788.12383443     
    50   -1652.785964600        4     1 0  2 0  1
  -1652.7859646001439     
    51    262397.5384929        4     0 1  2 0  1
   262397.53849291423     
    52    13781857.72591        4     2 0  0 2  0
   13781857.725912837     
    53   -707123544.2046        4     1 1  0 2  0
  -707123544.20456195     
    54    21492995691.51        4     0 2  0 2  0
   21492995691.514961     
    55   -26731080.00544        4     0 0  2 2  0
  -26731080.005441442     
    56   -342573.7180876        4     1 0  1 1  1
  -342573.71808758995     
    57    14087605.37050        4     0 1  1 1  1
   14087605.370495221     
    58   -235524.6809707        4     2 0  0 0  2
  -235524.68097066894     
    59    7294232.299554        4     1 1  0 0  2
   7294232.2995540379     
    60   -169984824.8516        4     0 2  0 0  2
  -169984824.85157758     
    61    128740.5783013        4     0 0  2 0  2
   128740.57830134849     
    62   -633690190.8256        4     0 0  1 3  0
  -633690190.82556593     
    63   -3704831.683339        4     1 0  0 2  1
  -3704831.6833393765     
    64   -80886194.65540        4     0 1  0 2  1
  -80886194.655398205     
    65    7317260.780746        4     0 0  1 1  2
   7317260.7807457307     
    66   -201762.3011237        4     1 0  0 0  3
  -201762.30112372755     
    67    5376888.789768        4     0 1  0 0  3
   5376888.7897675959     
    68   -6270600204.182        4     0 0  0 4  0
  -6270600204.1818533     
    69    145944219.3623        4     0 0  0 2  2
   145944219.36225724     
    70   -284723.1866273        4     0 0  0 0  4
  -284723.18662734330     
                                      
